grafos_para_testar = {
    "Grafo 3V_1": [
        [0, 3, 4],
        [3, 0, 5],
        [4, 5, 0]
    ],
    "Grafo 4V_1": [
        [0, 10, 15, 20],
        [10, 0, 35, 25],
        [15, 35, 0, 30],
        [20, 25, 30, 0]
    ],
    "Grafo 5V_1": [ 
        [0, 10, 8, 9, 7],
        [10, 0, 10, 5, 6],
        [8, 10, 0, 8, 9],
        [9, 5, 8, 0, 6],
        [7, 6, 9, 6, 0]
    ],
    "Grafo 5V_1": [ #clássico
        [0, 10, 15, 20],
        [10, 0, 35, 25],
        [15, 35, 0, 30],
        [20, 25, 30, 0]
    ],
    "Grafo 6V_1": [ 
        [0, 12, 10, 19, 8, 15],
        [12, 0, 3, 7, 2, 9],
        [10, 3, 0, 6, 20, 11],
        [19, 7, 6, 0, 4, 13],
        [8, 2, 20, 4, 0, 18],
        [15, 9, 11, 13, 18, 0]
    ],
    "Grafo 7V_1": [ 
        [0, 29, 20, 21, 16, 31, 100],
        [29, 0, 15, 29, 28, 2, 100],
        [20, 15, 0, 4, 10, 15, 100],
        [21, 29, 4, 0, 12, 28, 100],
        [16, 28, 10, 12, 0, 19, 100],
        [31, 2, 15, 28, 19, 0, 100],
        [100, 100, 100, 100, 100, 100, 0] 
    ],
    grafo_grande = [
        [0, 29, 20, 21, 16, 31, 100, 12, 4, 31],
        [29, 0, 15, 29, 28, 40, 72, 21, 29, 41],
        [20, 15, 0, 15, 14, 25, 81, 9, 23, 27],
        [21, 29, 15, 0, 4, 12, 92, 12, 25, 13],
        [16, 28, 14, 4, 0, 16, 94, 9, 20, 16],
        [31, 40, 25, 12, 16, 0, 95, 24, 36, 3],
        [100, 72, 81, 92, 94, 95, 0, 90, 101, 99],
        [12, 21, 9, 12, 9, 24, 90, 0, 15, 25],
        [4, 29, 23, 25, 20, 36, 101, 15, 0, 35],
        [31, 41, 27, 13, 16, 3, 99, 25, 35, 0]
    ],
    grafo_desafio = [
        [0,  2,  9, 10, 50, 50, 50, 50],  
        [2,  0,  6, 15, 50, 50, 50, 50],  
        [9,  6,  0,  7, 50, 50, 50, 50],  
        [10, 15, 7,  0,  1, 50, 50, 50],  
        [50,50,50, 1,  0,  2,  2, 50],    
        [50,50,50,50, 2,  0,  2,  2],     
        [50,50,50,50, 2,  2,  0,  1],     
        [50,50,50,50,50,  2,  1,  0]      
    ]
}