grafos_para_testar = {
    "Grafo 5V_1": [ #USEI
        [0, 10, 8, 9, 7],
        [10, 0, 10, 5, 6],
        [8, 10, 0, 8, 9],
        [9, 5, 8, 0, 6],
        [7, 6, 9, 6, 0]
    ],
    "Grafo 5V_1": [ #clássico
        [0, 10, 15, 20],
        [10, 0, 35, 25],
        [15, 35, 0, 30],
        [20, 25, 30, 0]
    ],
    "Grafo 7V_1": [ #USEI
        [0, 29, 20, 21, 16, 31, 100],
        [29, 0, 15, 29, 28, 2, 100],
        [20, 15, 0, 4, 10, 15, 100],
        [21, 29, 4, 0, 12, 28, 100],
        [16, 28, 10, 12, 0, 19, 100],
        [31, 2, 15, 28, 19, 0, 100],
        [100, 100, 100, 100, 100, 100, 0] 
    ],
    grafo_9 = [ #USEI
        [0,  14, 18, 12, 11, 10, 19, 13, 17],
        [14, 0,  15, 13, 8,  17, 10, 14, 16],
        [18, 15, 0,  9,  12, 11, 20, 13, 10],
        [12, 13, 9,  0,  7,  14, 16, 11, 15],
        [11, 8,  12, 7,  0,  9,  10, 13, 14],
        [10, 17, 11, 14, 9,  0,  8,  15, 12],
        [19, 10, 20, 16, 10, 8,  0,  9,  11],
        [13, 14, 13, 11, 13, 15, 9,  0,  10],
        [17, 16, 10, 15, 14, 12, 11, 10, 0]
    ],
        grafo_15 = [ #USEI
        [0, 12, 10, 19, 8,  14, 15, 13, 16, 9,  18, 17, 11, 7,  6],
        [12, 0, 9,  11, 14, 10, 19, 12, 13, 15, 16, 10, 8,  17, 6],
        [10, 9,  0, 13, 17, 11, 9,  20, 15, 10, 14, 7,  6,  18, 12],
        [19, 11, 13, 0, 9,  8,  14, 16, 7,  10, 11, 12, 18, 13, 15],
        [8,  14, 17, 9,  0, 12, 10, 11, 14, 18, 13, 16, 19, 7,  11],
        [14, 10, 11, 8,  12, 0, 15, 17, 9,  16, 10, 14, 11, 6,  13],
        [15, 19, 9,  14, 10, 15, 0, 13, 11, 7,  9,  12, 8,  10, 14],
        [13, 12, 20, 16, 11, 17, 13, 0, 10, 8,  9,  7,  11, 15, 12],
        [16, 13, 15, 7,  14, 9,  11, 10, 0,  12, 13, 16, 14, 6,  10],
        [9,  15, 10, 10, 18, 16, 7,  8,  12, 0,  11, 14, 13, 9,  17],
        [18, 16, 14, 11, 13, 10, 9,  9,  13, 11, 0,  10, 12, 8,  15],
        [17, 10, 7,  12, 16, 14, 12, 7,  16, 14, 10, 0,  11, 9,  13],
        [11, 8,  6,  18, 19, 11, 8,  11, 14, 13, 12, 11, 0,  10, 9],
        [7,  17, 18, 13, 7,  6,  10, 15, 6,  9,  8,  9,  10, 0,  12],
        [6,  6,  12, 15, 11, 13, 14, 12, 10, 17, 15, 13, 9,  12, 0],
    ]
}